315478,0.0,0.0,41.0,83.0,-88.0,82226.0,10314.0,2731.0,6152.0,1317.0,2396.0,518.0,225.0,0
316478,0.0,0.0,44.0,74.0,90.0,1014875.0,126874.0,6286.0,27559.0,80523.0,16404.0,17212.0,10125.0,0
317471,0.0,0.0,47.0,69.0,-129.0,358334.0,149907.0,34065.0,27980.0,17286.0,19902.0,4256.0,2542.0,0
318471,0.0,0.0,41.0,44.0,122.0,388812.0,70514.0,4406.0,3873.0,6959.0,3366.0,1652.0,744.0,0
319459,0.0,0.0,27.0,35.0,-219.0,27551.0,14548.0,2440.0,1496.0,808.0,620.0,419.0,107.0,0
320458,0.0,0.0,20.0,43.0,148.0,209071.0,188409.0,23866.0,42163.0,21321.0,15295.0,4913.0,4187.0,0
321455,0.0,0.0,11.0,35.0,-137.0,114820.0,119252.0,15884.0,7240.0,8419.0,6016.0,1335.0,777.0,0
322453,0.0,0.0,7.0,35.0,148.0,93870.0,82110.0,9259.0,1700.0,7994.0,2502.0,555.0,772.0,0
323448,0.0,0.0,7.0,34.0,82.0,588599.0,53673.0,4245.0,8887.0,2914.0,2136.0,312.0,534.0,0
324450,0.0,0.0,13.0,29.0,120.0,116157.0,28838.0,5324.0,4560.0,7673.0,4381.0,563.0,610.0,0
325447,0.0,0.0,10.0,37.0,-43.0,82435.0,65050.0,19131.0,1776.0,1759.0,2532.0,1064.0,563.0,0
326435,0.0,0.0,23.0,41.0,244.0,703434.0,328297.0,56742.0,19134.0,57445.0,35667.0,25190.0,21762.0,0
327436,0.0,0.0,35.0,51.0,70.0,861781.0,21962.0,13905.0,2770.0,6515.0,3717.0,3276.0,1880.0,0
328432,0.0,0.0,26.0,63.0,73.0,404593.0,13311.0,7538.0,9876.0,12155.0,1608.0,1457.0,1164.0,0
329428,0.0,0.0,40.0,75.0,43.0,856214.0,96912.0,45426.0,78572.0,26399.0,20506.0,13972.0,14898.0,0
330416,0.0,0.0,40.0,78.0,-6.0,237227.0,56849.0,6713.0,11651.0,3894.0,6461.0,2675.0,3410.0,0
331412,0.0,26.0,40.0,78.0,77.0,1355742.0,221707.0,172243.0,18424.0,62429.0,26352.0,47278.0,33840.0,0
332415,0.0,0.0,40.0,77.0,114.0,406928.0,439491.0,23772.0,263903.0,36503.0,76109.0,52145.0,36372.0,0
333406,0.0,0.0,38.0,78.0,-17.0,694235.0,372103.0,172804.0,182864.0,74421.0,28072.0,74315.0,34511.0,0
334400,0.0,0.0,41.0,80.0,32.0,676087.0,19659.0,34120.0,27130.0,20634.0,10848.0,8831.0,2639.0,0
335395,0.0,0.0,40.0,88.0,70.0,1202357.0,52785.0,22262.0,10280.0,3449.0,6584.0,5068.0,3207.0,0
336398,0.0,0.0,38.0,75.0,5.0,1146623.0,220550.0,21428.0,26764.0,59926.0,22677.0,18650.0,3724.0,0
337387,0.0,0.0,56.0,78.0,138.0,932466.0,43027.0,32231.0,49206.0,15118.0,28725.0,17113.0,8303.0,0
338390,0.0,0.0,38.0,60.0,-45.0,728089.0,129182.0,21745.0,12590.0,6214.0,3599.0,3132.0,1251.0,0
339384,0.0,0.0,34.0,60.0,114.0,166946.0,47557.0,24175.0,5779.0,9069.0,3455.0,5980.0,1661.0,0
340372,0.0,0.0,26.0,78.0,-5.0,48963.0,43385.0,20276.0,26634.0,12261.0,3617.0,3604.0,1960.0,0
341381,0.0,0.0,13.0,63.0,275.0,324714.0,87342.0,8662.0,17752.0,13303.0,7618.0,1033.0,512.0,0
342369,0.0,0.0,26.0,69.0,-14.0,161566.0,30467.0,17776.0,3411.0,11224.0,3981.0,1697.0,847.0,0
343366,0.0,0.0,35.0,75.0,-85.0,374971.0,36296.0,21107.0,11913.0,3657.0,6990.0,2723.0,1866.0,0
344363,0.0,0.0,38.0,69.0,12.0,1211064.0,108216.0,34544.0,27155.0,10121.0,9611.0,5771.0,3140.0,0
345357,0.0,0.0,29.0,70.0,156.0,2112389.0,492611.0,116080.0,35416.0,121023.0,19576.0,37507.0,12328.0,0
346346,0.0,0.0,17.0,78.0,-42.0,328594.0,137980.0,129195.0,14283.0,9561.0,7821.0,2861.0,6715.0,0
347351,0.0,0.0,11.0,66.0,53.0,445623.0,51806.0,12455.0,3756.0,5338.0,3805.0,2529.0,617.0,0
348353,0.0,0.0,17.0,75.0,64.0,211075.0,15557.0,15072.0,11893.0,7818.0,4365.0,952.0,1148.0,0
349339,0.0,0.0,26.0,78.0,129.0,252410.0,60338.0,25211.0,2047.0,8166.0,6076.0,1363.0,553.0,0
350338,0.0,0.0,37.0,70.0,-108.0,1052978.0,143290.0,58766.0,24238.0,17364.0,15987.0,5775.0,3942.0,0
351330,0.0,0.0,38.0,78.0,115.0,956984.0,147512.0,65275.0,30422.0,21856.0,15116.0,2600.0,1995.0,0
352334,0.0,0.0,29.0,61.0,-4.0,1807844.0,276577.0,49651.0,15130.0,15059.0,16206.0,4503.0,1903.0,0
353323,0.0,0.0,40.0,66.0,163.0,26124.0,4518.0,2527.0,2050.0,1906.0,1475.0,191.0,194.0,0
354322,0.0,0.0,34.0,57.0,-97.0,1199556.0,196802.0,50579.0,7485.0,22172.0,10491.0,3063.0,2029.0,0
355320,0.0,0.0,27.0,50.0,67.0,807425.0,196877.0,27834.0,24319.0,8049.0,11002.0,2709.0,2070.0,0
356317,0.0,0.0,21.0,56.0,-20.0,223523.0,56510.0,16856.0,6311.0,3826.0,1665.0,1078.0,617.0,0
357312,0.0,0.0,11.0,56.0,154.0,902410.0,25876.0,10527.0,6403.0,1996.0,2739.0,633.0,396.0,0
358304,0.0,0.0,8.0,66.0,-36.0,64053.0,43296.0,22230.0,6365.0,1629.0,2292.0,354.0,644.0,0
359301,0.0,0.0,3.0,66.0,146.0,39776.0,77920.0,13802.0,5533.0,2371.0,2519.0,849.0,349.0,0
360291,0.0,0.0,8.0,77.0,-102.0,85827.0,33146.0,27229.0,6676.0,3369.0,2766.0,796.0,353.0,0
361297,0.0,0.0,1.0,56.0,205.0,824298.0,292029.0,29796.0,9790.0,28584.0,9639.0,5062.0,1600.0,0
362287,0.0,0.0,1.0,53.0,19.0,60725.0,37314.0,11877.0,4720.0,3199.0,1498.0,795.0,880.0,0
363289,0.0,0.0,1.0,50.0,83.0,255814.0,84168.0,14934.0,2014.0,3390.0,1897.0,2397.0,420.0,0
364283,0.0,0.0,1.0,47.0,42.0,80283.0,52193.0,26915.0,4654.0,1507.0,3130.0,2078.0,409.0,0
365278,0.0,0.0,3.0,57.0,18.0,11899.0,7397.0,1195.0,1918.0,876.0,663.0,143.0,109.0,0
366273,0.0,0.0,7.0,57.0,131.0,85729.0,20329.0,8861.0,2168.0,2562.0,1039.0,612.0,184.0,0
367268,0.0,0.0,21.0,64.0,-51.0,65739.0,8673.0,2267.0,1392.0,1207.0,850.0,399.0,152.0,0
368262,0.0,0.0,23.0,57.0,113.0,114431.0,33536.0,8058.0,5097.0,3462.0,1864.0,482.0,239.0,0
369259,0.0,0.0,17.0,51.0,-68.0,52305.0,8659.0,1021.0,1266.0,1338.0,434.0,230.0,112.0,0
370262,0.0,0.0,14.0,43.0,146.0,487925.0,40418.0,8329.0,1568.0,5525.0,1240.0,407.0,269.0,0
371249,0.0,0.0,4.0,30.0,-45.0,359567.0,421372.0,23799.0,32352.0,15316.0,14848.0,6152.0,2502.0,0
372246,0.0,0.0,1.0,38.0,153.0,151164.0,35883.0,15768.0,10828.0,5621.0,1521.0,1274.0,727.0,0
373248,0.0,0.0,1.0,51.0,19.0,38818.0,4742.0,4001.0,1265.0,2393.0,382.0,180.0,106.0,0
374238,0.0,0.0,4.0,61.0,53.0,234520.0,47057.0,19984.0,3497.0,1735.0,3277.0,1666.0,277.0,0
375245,0.0,0.0,1.0,67.0,-44.0,218290.0,53626.0,5744.0,8258.0,1301.0,1658.0,815.0,513.0,0
376231,0.0,0.0,1.0,64.0,101.0,106168.0,43279.0,15942.0,4717.0,3616.0,1432.0,659.0,718.0,0
377228,0.0,0.0,11.0,69.0,-132.0,91884.0,10012.0,4948.0,11601.0,5171.0,2760.0,572.0,460.0,0
378226,0.0,0.0,14.0,50.0,71.0,419446.0,232666.0,15968.0,8304.0,40325.0,13583.0,5607.0,3020.0,0
379225,0.0,0.0,20.0,57.0,33.0,48296.0,13200.0,4428.0,3676.0,667.0,821.0,297.0,112.0,0
380219,0.0,0.0,30.0,54.0,-40.0,116367.0,54371.0,22843.0,1182.0,4807.0,5088.0,998.0,465.0,0
381213,0.0,0.0,24.0,56.0,7.0,360610.0,16295.0,21073.0,2990.0,3131.0,2426.0,806.0,288.0,0
382215,0.0,0.0,17.0,80.0,-20.0,148937.0,23706.0,14083.0,4931.0,3456.0,1046.0,559.0,875.0,0
383205,0.0,0.0,24.0,91.0,133.0,241515.0,9497.0,13329.0,10610.0,4321.0,2462.0,1068.0,319.0,0
384203,0.0,0.0,21.0,94.0,-91.0,44745.0,27797.0,10557.0,8120.0,4855.0,2096.0,595.0,715.0,0
385188,0.0,0.0,16.0,69.0,83.0,204379.0,34732.0,788.0,3076.0,2432.0,1342.0,302.0,143.0,0
386197,0.0,0.0,8.0,60.0,-18.0,582617.0,231573.0,69972.0,2859.0,12822.0,3405.0,1751.0,777.0,0
387199,0.0,0.0,10.0,40.0,-125.0,491972.0,139472.0,22986.0,16191.0,15622.0,11069.0,4011.0,2281.0,0
388181,0.0,0.0,14.0,35.0,-66.0,1456307.0,190665.0,37735.0,38818.0,29039.0,17327.0,8103.0,4629.0,0
389189,0.0,0.0,21.0,51.0,66.0,80939.0,20036.0,4144.0,9868.0,5527.0,2170.0,1887.0,974.0,0
390171,0.0,0.0,41.0,57.0,-53.0,942926.0,111032.0,45099.0,33946.0,8972.0,12641.0,5437.0,1412.0,0
391175,0.0,0.0,29.0,51.0,49.0,744929.0,273522.0,25988.0,6887.0,4918.0,6921.0,7735.0,850.0,0
392169,0.0,0.0,23.0,57.0,115.0,115911.0,27661.0,12530.0,5940.0,2555.0,1521.0,593.0,1000.0,0
393166,0.0,0.0,14.0,53.0,-66.0,45975.0,54307.0,11072.0,8972.0,5642.0,2107.0,1040.0,274.0,0
394152,0.0,0.0,14.0,50.0,69.0,556360.0,114311.0,39297.0,15337.0,11612.0,11282.0,3920.0,984.0,0
395157,0.0,0.0,26.0,75.0,-21.0,262563.0,16445.0,26136.0,1153.0,2283.0,2619.0,520.0,385.0,0
396153,0.0,0.0,14.0,51.0,102.0,109009.0,65336.0,122.0,5464.0,1090.0,483.0,304.0,324.0,0
397151,0.0,0.0,21.0,69.0,-173.0,163777.0,25052.0,45758.0,1651.0,2368.0,3118.0,1164.0,528.0,0
398150,0.0,0.0,20.0,84.0,54.0,344215.0,5748.0,4888.0,8248.0,1769.0,909.0,868.0,315.0,0
399139,0.0,0.0,20.0,64.0,-121.0,117428.0,66198.0,9656.0,6247.0,8722.0,3917.0,1030.0,872.0,0
400138,0.0,0.0,37.0,84.0,41.0,620636.0,151999.0,49193.0,28118.0,10104.0,7707.0,2627.0,1039.0,0
401128,0.0,0.0,38.0,61.0,90.0,47237.0,38356.0,6758.0,933.0,1996.0,2417.0,506.0,293.0,0
402128,0.0,0.0,27.0,43.0,-39.0,64705.0,31237.0,3653.0,6183.0,3507.0,821.0,465.0,570.0,0
403126,0.0,0.0,16.0,53.0,116.0,42992.0,16358.0,5206.0,3254.0,1616.0,332.0,287.0,226.0,0
404121,0.0,0.0,20.0,54.0,-9.0,174364.0,36255.0,16242.0,7384.0,1519.0,3230.0,1547.0,325.0,0
405118,0.0,0.0,16.0,67.0,129.0,361137.0,20555.0,12780.0,5336.0,3088.0,1555.0,983.0,310.0,0
406107,0.0,0.0,20.0,70.0,-55.0,454240.0,204564.0,58266.0,11715.0,7422.0,7086.0,5586.0,1698.0,0
407107,0.0,0.0,24.0,69.0,73.0,19788.0,38677.0,10936.0,5882.0,1586.0,1139.0,868.0,425.0,0
408105,0.0,0.0,13.0,56.0,-37.0,54930.0,90970.0,9330.0,6006.0,4354.0,1759.0,493.0,570.0,0
409097,0.0,0.0,17.0,35.0,66.0,169794.0,41544.0,3410.0,1101.0,1095.0,2696.0,499.0,383.0,0
410087,0.0,0.0,20.0,26.0,21.0,64072.0,59220.0,4397.0,6636.0,3783.0,2101.0,334.0,311.0,0
411093,0.0,0.0,27.0,13.0,48.0,110993.0,45464.0,2307.0,3728.0,2098.0,2333.0,1002.0,288.0,0
412097,0.0,0.0,37.0,14.0,68.0,100886.0,32255.0,507.0,6545.0,1553.0,1451.0,355.0,180.0,0
413088,0.0,0.0,24.0,40.0,22.0,253075.0,91144.0,63405.0,32287.0,4056.0,3494.0,2740.0,839.0,0
414084,0.0,0.0,24.0,41.0,-50.0,238823.0,26257.0,3102.0,3096.0,4976.0,1114.0,754.0,402.0,0
415071,0.0,0.0,35.0,63.0,-59.0,1664519.0,19072.0,15104.0,14172.0,11793.0,5952.0,2991.0,1223.0,0
416072,0.0,0.0,24.0,61.0,120.0,67194.0,36998.0,3079.0,4016.0,659.0,577.0,695.0,303.0,0
417061,0.0,0.0,43.0,54.0,-231.0,685035.0,99214.0,49644.0,14885.0,18609.0,15874.0,4806.0,1996.0,0
418059,0.0,0.0,40.0,69.0,162.0,337570.0,26419.0,19242.0,8649.0,5830.0,1297.0,984.0,821.0,0
419063,0.0,0.0,29.0,63.0,-78.0,129123.0,34229.0,11589.0,6677.0,1100.0,2052.0,910.0,482.0,0
420050,0.0,0.0,27.0,69.0,69.0,417986.0,152617.0,36288.0,15418.0,7768.0,2642.0,1475.0,1132.0,0
421059,0.0,0.0,16.0,87.0,3.0,186636.0,8629.0,7502.0,13475.0,1311.0,946.0,376.0,189.0,0
422044,0.0,0.0,21.0,87.0,85.0,359889.0,81962.0,56254.0,18323.0,4873.0,6348.0,2779.0,1442.0,0
423053,0.0,0.0,20.0,93.0,66.0,135661.0,16424.0,11998.0,3840.0,3547.0,1277.0,237.0,543.0,0
424036,0.0,0.0,29.0,96.0,-3.0,57319.0,24156.0,9765.0,3111.0,1802.0,1344.0,295.0,259.0,0
425034,0.0,0.0,27.0,77.0,-133.0,79501.0,32391.0,10436.0,3170.0,6376.0,1366.0,519.0,169.0,0
426026,0.0,0.0,14.0,57.0,32.0,244052.0,92656.0,13287.0,747.0,3002.0,1055.0,963.0,418.0,0
427029,0.0,0.0,13.0,50.0,120.0,58686.0,24705.0,5521.0,3782.0,955.0,1118.0,550.0,205.0,0
428024,0.0,0.0,3.0,38.0,-59.0,121385.0,61994.0,7849.0,3604.0,1732.0,866.0,346.0,200.0,0
429021,0.0,0.0,3.0,44.0,-17.0,66644.0,47628.0,19462.0,9810.0,769.0,2357.0,454.0,318.0,0
430020,0.0,0.0,11.0,44.0,5.0,1529517.0,248319.0,10536.0,28742.0,6509.0,6470.0,1787.0,1213.0,0
431009,0.0,0.0,7.0,43.0,171.0,77601.0,56198.0,9751.0,7932.0,1104.0,1580.0,410.0,250.0,0
432014,0.0,0.0,17.0,35.0,-170.0,72836.0,47587.0,1288.0,2769.0,3445.0,1819.0,708.0,245.0,0
