1002691,0.0,0.0,54.0,48.0,164.0,405428.0,296062.0,29116.0,6739.0,25811.0,15023.0,13646.0,11035.0,0
1003692,0.0,0.0,60.0,54.0,0.0,939343.0,3498.0,17160.0,24739.0,7242.0,9108.0,10252.0,1656.0,0
1004686,0.0,0.0,61.0,69.0,166.0,907808.0,274795.0,93308.0,114846.0,32034.0,45283.0,27101.0,15271.0,0
1005691,0.0,0.0,41.0,57.0,123.0,1199801.0,532749.0,66338.0,107377.0,40324.0,45778.0,52354.0,8130.0,0
1006676,0.0,0.0,53.0,87.0,112.0,3034622.0,62567.0,113289.0,116668.0,32419.0,50517.0,47880.0,5703.0,0
1007677,0.0,0.0,41.0,61.0,903.0,98083.0,39957.0,5085.0,3714.0,3275.0,1941.0,2014.0,566.0,0
1008674,0.0,51.0,41.0,61.0,-187.0,152909.0,42992.0,23124.0,25129.0,14957.0,9263.0,5046.0,1527.0,0
1009666,0.0,0.0,50.0,53.0,281.0,3132555.0,230342.0,46988.0,67681.0,59907.0,101610.0,22848.0,8385.0,0
1010663,0.0,0.0,63.0,54.0,-354.0,2000187.0,145702.0,58296.0,22973.0,31211.0,62739.0,20175.0,5911.0,0
1011657,0.0,0.0,63.0,38.0,194.0,1029499.0,73788.0,2883.0,34796.0,22891.0,19317.0,13567.0,1604.0,0
1012653,0.0,0.0,75.0,37.0,-109.0,399944.0,107297.0,7458.0,18346.0,13071.0,29146.0,8813.0,1724.0,0
1013646,0.0,0.0,69.0,53.0,152.0,330944.0,33282.0,41999.0,40139.0,4497.0,16457.0,9549.0,1258.0,0
1014652,0.0,0.0,60.0,35.0,-203.0,175890.0,46849.0,530.0,2753.0,7649.0,4543.0,6868.0,899.0,0
1015637,0.0,0.0,61.0,44.0,187.0,832401.0,212498.0,219519.0,57859.0,24442.0,105443.0,47877.0,6376.0,0
1016635,0.0,0.0,64.0,43.0,-25.0,96718.0,15474.0,2508.0,972.0,1322.0,7063.0,3851.0,1082.0,0
1017635,0.0,0.0,56.0,27.0,278.0,1012850.0,462714.0,143358.0,69406.0,27715.0,36543.0,60808.0,5838.0,0
1018634,0.0,0.0,60.0,54.0,-152.0,1633437.0,173316.0,81965.0,67400.0,22022.0,39929.0,69855.0,9757.0,0
1019626,0.0,0.0,64.0,37.0,230.0,535377.0,48830.0,6013.0,4811.0,10431.0,20758.0,9239.0,1684.0,0
1020616,0.0,0.0,61.0,44.0,1.0,456916.0,34213.0,6942.0,11645.0,14751.0,11396.0,12523.0,2169.0,0
1021621,0.0,0.0,83.0,40.0,283.0,723002.0,21508.0,2247.0,17696.0,31591.0,35997.0,20761.0,1610.0,0
1022619,0.0,0.0,88.0,30.0,-157.0,1341542.0,42706.0,6600.0,19562.0,18946.0,13772.0,12709.0,2384.0,0
1023609,0.0,0.0,87.0,41.0,229.0,906435.0,98557.0,11504.0,55435.0,57447.0,55117.0,66229.0,12891.0,0
1024615,0.0,0.0,88.0,56.0,-85.0,335396.0,19534.0,44164.0,9960.0,3205.0,20274.0,17336.0,1385.0,0
1025597,0.0,0.0,78.0,75.0,198.0,1077295.0,70945.0,27847.0,186968.0,18815.0,80758.0,125135.0,5871.0,0
1026597,0.0,0.0,69.0,70.0,-19.0,301818.0,70148.0,5740.0,24018.0,40198.0,7215.0,20682.0,1346.0,0
1027591,0.0,0.0,63.0,75.0,8.0,642861.0,195362.0,70999.0,58751.0,51663.0,37151.0,50038.0,6527.0,0
1028594,0.0,0.0,64.0,57.0,241.0,217054.0,81735.0,20380.0,20147.0,8959.0,48663.0,5037.0,1896.0,0
1029603,0.0,0.0,56.0,44.0,56.0,1833005.0,324353.0,25434.0,114575.0,27327.0,48820.0,66040.0,3989.0,0
1030580,0.0,0.0,69.0,48.0,130.0,361283.0,9511.0,2892.0,3522.0,3694.0,6185.0,2022.0,211.0,0
1031575,0.0,0.0,70.0,40.0,-28.0,1828126.0,744376.0,40281.0,208351.0,322836.0,151043.0,168010.0,14926.0,0
1032574,0.0,0.0,67.0,53.0,131.0,2416029.0,83945.0,123748.0,59446.0,35256.0,64119.0,83161.0,7284.0,0
1033570,0.0,0.0,64.0,60.0,-87.0,656312.0,61670.0,18037.0,33986.0,3515.0,7533.0,13234.0,1217.0,0
1034564,0.0,0.0,54.0,53.0,66.0,372904.0,117181.0,13474.0,13077.0,21617.0,18175.0,9021.0,1579.0,0
1035564,0.0,0.0,53.0,50.0,-109.0,397280.0,405023.0,52579.0,26024.0,36356.0,55056.0,68734.0,3330.0,0
1036557,0.0,0.0,50.0,43.0,193.0,111733.0,11750.0,5525.0,2825.0,1759.0,2854.0,1770.0,519.0,0
1037552,0.0,0.0,57.0,44.0,-211.0,325192.0,7397.0,3442.0,4933.0,870.0,2891.0,2487.0,377.0,0
1038552,0.0,0.0,54.0,43.0,170.0,361472.0,181590.0,19644.0,10074.0,2293.0,20386.0,8766.0,2249.0,0
1039550,0.0,0.0,53.0,53.0,-65.0,1490494.0,2020272.0,778745.0,122900.0,113495.0,238540.0,463808.0,14436.0,0
1040548,0.0,0.0,54.0,48.0,194.0,398204.0,33661.0,9095.0,13508.0,21300.0,10568.0,18687.0,2043.0,0
1041540,0.0,0.0,56.0,43.0,-125.0,908363.0,44523.0,35481.0,5065.0,21489.0,17048.0,8845.0,2677.0,0
1042538,0.0,0.0,63.0,54.0,107.0,1109916.0,169496.0,64052.0,83197.0,61283.0,65374.0,58190.0,8741.0,0
1043527,0.0,0.0,67.0,56.0,-45.0,199983.0,116202.0,39126.0,24781.0,10617.0,27247.0,2294.0,1387.0,0
1044529,0.0,0.0,75.0,56.0,199.0,124849.0,6743.0,288.0,4407.0,2244.0,5339.0,1065.0,819.0,0
1045520,0.0,0.0,63.0,60.0,155.0,324370.0,50878.0,28855.0,19701.0,12605.0,6476.0,4611.0,1467.0,0
1046517,0.0,0.0,54.0,64.0,-306.0,105026.0,23042.0,19157.0,5856.0,8076.0,3726.0,8780.0,4120.0,0
1047514,0.0,0.0,48.0,63.0,-380.0,273507.0,57845.0,17648.0,7493.0,8486.0,6222.0,2758.0,2738.0,0
1048505,0.0,0.0,35.0,63.0,371.0,815143.0,124993.0,31783.0,29060.0,8959.0,15111.0,9096.0,3320.0,0
1049506,0.0,0.0,35.0,64.0,-245.0,128751.0,83189.0,55463.0,41678.0,25494.0,12119.0,15603.0,1148.0,0
1050501,0.0,0.0,29.0,54.0,106.0,557223.0,115052.0,8212.0,29116.0,15476.0,8047.0,7916.0,1239.0,0
1051500,0.0,0.0,48.0,50.0,-165.0,84583.0,21007.0,6426.0,3159.0,1933.0,19108.0,817.0,437.0,0
1052492,0.0,0.0,57.0,54.0,107.0,362613.0,31912.0,3668.0,33073.0,5178.0,20255.0,35412.0,690.0,0
1053487,0.0,0.0,64.0,47.0,-6.0,521020.0,50801.0,14411.0,10978.0,5174.0,9910.0,17778.0,1573.0,0
1054485,0.0,0.0,78.0,48.0,-22.0,823602.0,134480.0,35251.0,46782.0,68350.0,64486.0,20423.0,4519.0,0
1055482,0.0,0.0,67.0,53.0,103.0,1021892.0,41583.0,11340.0,12742.0,11255.0,12623.0,16379.0,676.0,0
1056477,0.0,0.0,74.0,27.0,-33.0,1062984.0,264893.0,22228.0,13768.0,102424.0,173989.0,18092.0,5570.0,0
1057474,0.0,0.0,75.0,41.0,103.0,351267.0,26273.0,44609.0,13425.0,7239.0,12257.0,29249.0,518.0,0
1058470,0.0,0.0,77.0,40.0,-100.0,605739.0,127604.0,31219.0,20955.0,10629.0,63774.0,2050.0,1651.0,0
1059460,0.0,0.0,81.0,24.0,186.0,624184.0,305274.0,26478.0,11363.0,46654.0,105471.0,133259.0,5979.0,0
1060462,0.0,0.0,74.0,50.0,-248.0,411649.0,28905.0,11210.0,26705.0,14342.0,15413.0,14270.0,1314.0,0
1061453,0.0,0.0,69.0,34.0,150.0,1120342.0,319315.0,16152.0,91029.0,32046.0,37420.0,73937.0,5649.0,0
1062448,0.0,0.0,63.0,37.0,-161.0,480864.0,82869.0,16848.0,20948.0,14504.0,22254.0,11070.0,1482.0,0
1063446,0.0,0.0,61.0,60.0,193.0,1045697.0,122302.0,8760.0,181473.0,44227.0,75321.0,63375.0,2839.0,0
1064446,0.0,0.0,70.0,53.0,-147.0,317218.0,5401.0,1818.0,4291.0,4123.0,8379.0,760.0,528.0,0
1065439,0.0,0.0,78.0,51.0,122.0,289216.0,9944.0,2664.0,1722.0,3574.0,2539.0,1853.0,257.0,0
1066434,0.0,0.0,78.0,60.0,-114.0,126328.0,13725.0,9618.0,4746.0,4361.0,5445.0,2357.0,524.0,0
1067436,0.0,0.0,78.0,44.0,232.0,625542.0,300339.0,57762.0,29727.0,25598.0,91840.0,25157.0,6724.0,0
1068429,0.0,0.0,66.0,41.0,-76.0,455067.0,121013.0,27491.0,10983.0,19138.0,29296.0,26237.0,1892.0,0
1069428,0.0,0.0,74.0,47.0,28.0,707768.0,35431.0,29052.0,3355.0,12165.0,27189.0,8918.0,2546.0,0
1070414,0.0,0.0,90.0,27.0,25.0,57056.0,2057.0,541.0,404.0,1087.0,4497.0,112.0,202.0,0
1071416,0.0,0.0,78.0,37.0,64.0,218992.0,37331.0,5366.0,12205.0,2402.0,3268.0,3215.0,369.0,0
1072424,0.0,0.0,88.0,30.0,66.0,1062981.0,859713.0,256251.0,52582.0,274523.0,706546.0,46317.0,33395.0,0
1073410,0.0,0.0,94.0,29.0,-23.0,325852.0,6721.0,3776.0,4016.0,3792.0,14565.0,599.0,437.0,0
1074410,0.0,0.0,88.0,38.0,195.0,2169026.0,609035.0,285348.0,75155.0,136993.0,565070.0,219939.0,22674.0,0
1075397,0.0,0.0,97.0,30.0,-163.0,288067.0,37980.0,11238.0,8741.0,27446.0,12888.0,14675.0,1088.0,0
1076395,0.0,0.0,100.0,37.0,173.0,43910.0,18271.0,6035.0,2342.0,1295.0,17291.0,404.0,80.0,0
1077387,0.0,0.0,84.0,37.0,-26.0,3063713.0,461589.0,64539.0,123854.0,47665.0,100027.0,43065.0,6451.0,0
1078386,0.0,0.0,69.0,50.0,258.0,562112.0,43219.0,41250.0,13643.0,7472.0,9588.0,5169.0,604.0,0
1079384,0.0,0.0,67.0,60.0,-179.0,1222049.0,171657.0,120342.0,54075.0,29264.0,53610.0,12403.0,2547.0,0
1080378,0.0,0.0,67.0,53.0,120.0,785087.0,80569.0,6181.0,16318.0,5008.0,70144.0,1694.0,659.0,0
1081377,0.0,0.0,80.0,56.0,-37.0,324900.0,27689.0,21400.0,7597.0,11319.0,31902.0,12939.0,1403.0,0
1082373,0.0,0.0,87.0,50.0,181.0,1843880.0,63880.0,71145.0,66690.0,152951.0,53552.0,29083.0,6857.0,0
1083371,0.0,0.0,90.0,41.0,-2.0,628172.0,63311.0,14398.0,11198.0,10641.0,18400.0,15701.0,1529.0,0
1084358,0.0,0.0,83.0,51.0,-9.0,540281.0,65750.0,30426.0,7771.0,11283.0,32101.0,9130.0,1462.0,0
1085358,0.0,0.0,66.0,40.0,66.0,179873.0,206960.0,14105.0,19031.0,8945.0,16451.0,18232.0,1697.0,0
1086349,0.0,0.0,54.0,35.0,-4.0,826263.0,384184.0,46151.0,85327.0,58983.0,39062.0,39026.0,3415.0,0
1087356,0.0,0.0,61.0,34.0,115.0,197344.0,16154.0,2942.0,3318.0,1522.0,10020.0,1000.0,119.0,0
1088343,0.0,0.0,54.0,21.0,-103.0,636597.0,120406.0,9220.0,10971.0,7576.0,18505.0,5628.0,1345.0,0
1089346,0.0,0.0,69.0,17.0,183.0,191010.0,16772.0,2562.0,401.0,1089.0,9161.0,2306.0,233.0,0
1090344,0.0,0.0,70.0,17.0,-182.0,292246.0,93209.0,9178.0,23626.0,12079.0,12998.0,19858.0,890.0,0
1091333,0.0,0.0,70.0,27.0,138.0,159576.0,11000.0,3570.0,8985.0,590.0,12212.0,490.0,109.0,0
1092338,0.0,0.0,70.0,17.0,-75.0,853838.0,276322.0,6934.0,5424.0,6669.0,37996.0,1677.0,755.0,0
1093320,0.0,0.0,69.0,30.0,266.0,247805.0,19861.0,7515.0,2996.0,3952.0,10140.0,1104.0,628.0,0
1094328,0.0,26.0,69.0,30.0,-156.0,101344.0,1551.0,108.0,612.0,1153.0,496.0,225.0,86.0,0
1095319,0.0,0.0,64.0,27.0,134.0,265767.0,126311.0,23535.0,3516.0,12316.0,7686.0,11619.0,1451.0,0
1096315,0.0,0.0,54.0,24.0,-49.0,1223600.0,201456.0,68810.0,35687.0,22382.0,54970.0,19525.0,4966.0,0
1097312,0.0,0.0,50.0,47.0,140.0,243346.0,125256.0,40487.0,8692.0,12990.0,11886.0,3524.0,758.0,0
1098305,0.0,0.0,43.0,35.0,-89.0,55942.0,28812.0,245.0,3109.0,1447.0,4160.0,1576.0,178.0,0
1099306,0.0,0.0,54.0,48.0,18.0,604549.0,6446.0,7041.0,1172.0,3880.0,3270.0,4139.0,295.0,0
1100295,0.0,0.0,53.0,30.0,64.0,886211.0,276628.0,12880.0,17813.0,48069.0,52358.0,19611.0,6986.0,0
1101297,0.0,0.0,57.0,50.0,-7.0,429351.0,27825.0,34760.0,48022.0,4264.0,14088.0,8037.0,828.0,0
1102287,0.0,0.0,54.0,67.0,107.0,99517.0,11571.0,5626.0,1694.0,1762.0,1718.0,3619.0,380.0,0
1103288,0.0,0.0,47.0,54.0,-83.0,115177.0,47895.0,6079.0,4771.0,3867.0,4805.0,3646.0,190.0,0
1104287,0.0,0.0,56.0,69.0,185.0,198466.0,7382.0,2061.0,4279.0,1912.0,7309.0,516.0,232.0,0
1105278,0.0,0.0,60.0,63.0,-51.0,106249.0,5759.0,8153.0,5755.0,5276.0,3427.0,795.0,333.0,0
1106276,0.0,0.0,60.0,60.0,128.0,168785.0,53251.0,20492.0,6431.0,9140.0,6910.0,14406.0,706.0,0
1107268,0.0,0.0,66.0,64.0,-33.0,1240809.0,62845.0,17080.0,8973.0,8626.0,15009.0,12283.0,710.0,0
1108278,0.0,0.0,47.0,66.0,244.0,639175.0,382525.0,63550.0,132846.0,37258.0,30074.0,17093.0,9183.0,0
1109261,0.0,0.0,41.0,63.0,-85.0,273077.0,44184.0,29592.0,6767.0,6171.0,6848.0,6639.0,751.0,0
1110256,0.0,0.0,53.0,51.0,36.0,1164152.0,52103.0,7130.0,3277.0,5718.0,27351.0,13806.0,861.0,0
1111249,0.0,0.0,44.0,54.0,-1.0,1958394.0,1115620.0,416973.0,161103.0,82398.0,104403.0,69174.0,16297.0,0
1112254,0.0,0.0,53.0,54.0,96.0,334868.0,72115.0,21347.0,13307.0,3232.0,14862.0,7076.0,760.0,0
1113251,0.0,0.0,69.0,43.0,-60.0,835696.0,16635.0,5987.0,6932.0,16989.0,20409.0,15552.0,1940.0,0
1114241,0.0,0.0,51.0,54.0,-75.0,487127.0,81148.0,34150.0,5769.0,18216.0,5354.0,8529.0,1079.0,0
1115244,0.0,0.0,66.0,48.0,179.0,233645.0,68676.0,12218.0,13974.0,7326.0,31759.0,2755.0,336.0,0
1116235,0.0,0.0,64.0,61.0,-135.0,971477.0,12039.0,32791.0,14811.0,12406.0,7414.0,9537.0,829.0,0
1117229,0.0,0.0,53.0,70.0,180.0,2032931.0,149944.0,50264.0,69162.0,29289.0,45465.0,27658.0,6003.0,0
1118246,0.0,0.0,64.0,78.0,-81.0,125913.0,10147.0,7189.0,4721.0,2052.0,3598.0,2232.0,162.0,0
1119225,0.0,0.0,61.0,87.0,284.0,218651.0,7614.0,3766.0,2731.0,2045.0,3464.0,1155.0,245.0,0
1120222,0.0,0.0,67.0,66.0,-109.0,1080422.0,80898.0,18694.0,9180.0,9276.0,30387.0,1582.0,946.0,0
1121216,0.0,0.0,63.0,70.0,76.0,214290.0,38291.0,36630.0,8351.0,4197.0,7198.0,9332.0,708.0,0
1122210,0.0,0.0,56.0,57.0,-9.0,431684.0,124200.0,18326.0,10528.0,7516.0,11691.0,10952.0,681.0,0
